Input for 2DFE tryout						
25	16	1	1			
1	0	1	0	0	0	0
2	0	2	0	0	3	0
3	0	0	0	0	6	0
4	0	4	0	0	9	0
5	0	5	0	0	12	0
6	0	6	7	0	0	5
7	0	8	9	0	3	5
8	0	10	11	0	6	5
9	0	12	13	0	9	5
10	0	14	15	0	12	5
11	0	16	17	0	0	10
12	0	18	19	0	3	10
13	0	20	21	0	6	10
14	0	22	23	0	9	10
15	0	24	25	0	12	10
16	0	26	27	0	0	15
17	0	28	29	0	3	15
18	0	30	31	0	6	15
19	0	32	33	0	9	15
20	0	34	35	0	12	15
21	0	36	37	0	0	20
22	0	38	39	0	3	20
23	0	40	41	0	6	20
24	0	42	43	0	9	20
25	0	44	45	0	12	20
16	20	4	1			
1	1	4	1	2	7	6
2	1	4	2	3	8	7
3	1	4	3	4	9	8
4	1	4	4	5	10	9
5	1	4	6	7	12	11
6	1	4	7	8	13	12
7	1	4	8	9	14	13
8	1	4	9	10	15	14
9	1	4	11	12	17	16
10	1	4	12	13	18	17
11	1	4	13	14	19	18
12	1	4	14	15	20	19
13	1	4	16	17	22	21
14	1	4	17	18	23	22
15	1	4	18	19	24	23
16	1	4	19	20	25	24
1						
2						
1	10	0.3	2			
0.5						
0.5						
0.5						
0.5						
0.5						
0.5						
0.5						
0.5						
0.5						
0.5						
0.5						
0.5						
0.5						
0.5						
0.5						
0.5						
1	5					
21	-1					
22	-2					
23	-2					
24	-2					
25	-1					
3	3.1	0.1	0.1	0.1		

