Input for 3d tryout										
27	8	1	1							
1	1	2	0	0	0	0
2	3	4	0	1	0	0
3	5	6	0	2	0	0
4	7	8	9	0	0	1
5	10	11	12	1	0	1
6	13	14	15	2	0	1
7	16	17	18	0	0	2
8	19	20	21	1	0	2
9	22	23	24	2	0	2
10	25	26	0	0	1	0
11	0	0	0	1	1	0
12	27	28	0	2	1	0
13	29	30	31	0	1	1
14	32	33	34	1	1	1
15	35	36	37	2	1	1
16	38	39	40	0	1	2
17	41	42	43	1	1	2
18	44	45	46	2	1	2
19	47	48	0	0	2	0
20	49	50	0	1	2	0
21	51	52	0	2	2	0
22	53	54	55	0	2	1
23	56	57	58	1	2	1
24	59	60	61	2	2	1
25	62	63	64	0	2	2
26	0	65	66	1	2	2
27	67	68	69	2	2	2			
8	3	8	1							
1	1	8	4	5	14	13	1	2	11	10
2	1	8	5	6	15	14	2	3	12	11
3	1	8	7	8	17	16	4	5	14	13
4	1	8	8	9	18	17	5	6	15	14
5	1	8	13	14	23	22	10	11	20	19
6	1	8	14	15	24	23	11	12	21	20
7	1	8	16	17	26	25	13	14	23	22
8	1	8	17	18	27	26	14	15	24	23
1										
3										
1	10	0.3								
0.5										
0.5										
0.5										
0.5										
0.5										
0.5										
0.5										
0.5										
1	9									
7	3	1								
8	3	2								
9	3	1								
16	3	2								
17	3	4								
18	3	2								
25	3	1								
26	3	2								
27	3	1								
3	3.1	0.1	0.1	0.1						

